I
1000 Generated by WorldEditor

1     42 0 0 YPID Phillip Island GP Circuit
102 H1 -38.50358207  145.23414535   0.00 50.00 50.00 2 0 0 0.00 1
110 4 0.00 0.0000 New Taxiway 9
111 -38.50433088  145.23435452
111 -38.50499613  145.23480496
111 -38.50495107  145.23507590
112 -38.50489276  145.23509961 -38.50482915  145.23507928
111 -38.50426462  145.23490656
114 -38.50424607  145.23484221 -38.50425402  145.23478464
110 4 0.00 0.0000 New Taxiway 14
111 -38.50635565  145.23680367
111 -38.50674757  145.23723011
112 -38.50655743  145.23796895 -38.50627028  145.23820201
111 -38.50617715  145.23823672
112 -38.50576971  145.23833589 -38.50551360  145.23833093
111 -38.50505959  145.23831605
111 -38.50506347  145.23820696
111 -38.50549808  145.23822680
112 -38.50602193  145.23818217 -38.50613447  145.23811771
112 -38.50642938  145.23784003 -38.50658071  145.23757722
112 -38.50650311  145.23724003 -38.50647982  145.23704664
113 -38.50631297  145.23686813
110 4 0.00 0.0000 New Taxiway 13
111 -38.50031824  145.23098756
112 -38.49961821  145.23067123 -38.49936637  145.23057306
112 -38.49864500  145.23049671 -38.49824804  145.23048035
112 -38.49788522  145.23079123 -38.49761204  145.23093303
112 -38.49738581  145.23153841 -38.49725776  145.23175111
111 -38.49722788  145.23207834
112 -38.49714251  145.23284733 -38.49706568  145.23335454
111 -38.49720653  145.23431987
111 -38.49738154  145.23479980
111 -38.49728337  145.23492524
111 -38.49715104  145.23469618
111 -38.49705714  145.23448348
111 -38.49700165  145.23387265
112 -38.49698884  145.23294550 -38.49697604  145.23283097
111 -38.49707848  145.23196926
112 -38.49724922  145.23116754 -38.49730471  145.23092757
111 -38.49783400  145.23050217
111 -38.49829072  145.23027855
112 -38.49881574  145.23007675 -38.49893526  145.23002766
111 -38.49934503  145.23026219
111 -38.49972065  145.23048035
111 -38.50051459  145.23093848
113 -38.50048898  145.23106938
110 4 0.00 0.0000 New Taxiway 12
112 -38.49893462  145.23739380 -38.49904987  145.23764469
112 -38.49929317  145.23790102 -38.49952366  145.23817918
111 -38.49999319  145.23823372
111 -38.50000173  145.23836461
112 -38.49968587  145.23843006 -38.49936573  145.23851733
111 -38.49928036  145.23843006
112 -38.49893889  145.23831007 -38.49882364  145.23825008
111 -38.49856326  145.23651025
113 -38.49879376  145.23651025
110 4 0.00 0.0000 New Taxiway 11
111 -38.50176388  145.23714074
111 -38.50142875  145.23734809
111 -38.50067736  145.23775828
111 -38.50062798  145.23774025
111 -38.50121357  145.23653222
113 -38.50194379  145.23683423
110 4 0.00 0.0000 New Taxiway 10
111 -38.50499613  145.23545521
111 -38.50591051  145.23570922
112 -38.50695475  145.23587856 -38.50739737  145.23587517
111 -38.50775782  145.23570583
111 -38.50785853  145.23565164
111 -38.50791154  145.23585824
112 -38.50781082  145.23610209 -38.50769686  145.23622402
111 -38.50760410  145.23632224
112 -38.50737881  145.23634934 -38.50716413  145.23633918
111 -38.50662081  145.23630869
111 -38.50606953  145.23627821
112 -38.50571703  145.23614951 -38.50563752  145.23607500
114 -38.50522141  145.23583792 -38.50510479  145.23564149
110 4 0.00 0.0000 New Taxiway 8
111 -38.50399429  145.23513347
111 -38.50432028  145.23520798
111 -38.50419571  145.23568213
113 -38.50410030  145.23572616
110 4 0.00 0.0000 New Taxiway 7
112 -38.51011504  145.23023943 -38.51024915  145.23034375
112 -38.51056985  145.23071632 -38.51072728  145.23096967
112 -38.51098384  145.23188621 -38.51108005  145.23260155
111 -38.51058443  145.23325727
111 -38.50997219  145.23392045
111 -38.50981476  145.23374161
112 -38.51065148  145.23262018 -38.51090804  145.23203896
111 -38.51064565  145.23133853
111 -38.51049696  145.23108518
111 -38.51011213  145.23061946
111 -38.50983808  145.23037729
112 -38.50961068  145.23026179 -38.50954362  145.23022453
113 -38.50972729  145.23003452
110 4 0.00 0.0000 New Taxiway 6
111 -38.50862677  145.23297699
111 -38.50883137  145.23310321
112 -38.50862324  145.23399579 -38.50857033  145.23412202
112 -38.50823167  145.23447364 -38.50809762  145.23459085
111 -38.50809409  145.23456380
111 -38.50720513  145.23418513
112 -38.50788949  145.23393719 -38.50800237  145.23386055
112 -38.50822814  145.23364417 -38.50830928  145.23354950
114 -38.50853152  145.23321140 -38.50856680  145.23312124
110 1 0.00 0.0000 New Taxiway 5
111 -38.50863382  145.23298600
112 -38.50831986  145.23353147 -38.50813995  145.23372080
112 -38.50786480  145.23394170 -38.50762139  145.23405440
112 -38.50719807  145.23418062 -38.50712046  145.23414005
111 -38.50663717  145.23389211
112 -38.50724040  145.23393719 -38.50746264  145.23388309
114 -38.50830222  145.23315280 -38.50854563  145.23269749
110 1 0.00 0.0000 New Taxiway 4
111 -38.50900423  145.23323845
112 -38.50885254  145.23384252 -38.50880315  145.23403636
112 -38.50871849  145.23422119 -38.50865146  145.23436094
111 -38.50852094  145.23447815
111 -38.50830575  145.23465396
111 -38.50809056  145.23455929
111 -38.50829164  145.23438799
112 -38.50851388  145.23414906 -38.50861618  145.23402735
111 -38.50872907  145.23355401
113 -38.50883137  145.23310772
110 1 0.00 0.0000 New Taxiway 2
111 -38.50408434  145.23269067
111 -38.50532125  145.23321634
111 -38.50621856  145.23362560
111 -38.50660785  145.23378790
112 -38.50749412  145.23375614 -38.50791379  145.23355503
112 -38.50822065  145.23311298 -38.50836739  145.23290047
111 -38.50858749  145.23241293
111 -38.50884183  145.23186289
111 -38.50901792  145.23151911
112 -38.51034832  145.23116282 -38.51114070  145.23185038
112 -38.50998637  145.23345166 -38.50963510  145.23384375
111 -38.50955506  145.23396876
111 -38.50890586  145.23467904
111 -38.50839006  145.23521886
112 -38.50715392  145.23580980 -38.50650028  145.23584390
111 -38.50571325  145.23557683
111 -38.50495289  145.23536659
112 -38.50458382  145.23550864 -38.50449045  145.23577001
112 -38.50496178  145.23612798 -38.50511741  145.23624730
111 -38.50524191  145.23637230
112 -38.50554872  145.23655414 -38.50566433  145.23659391
111 -38.50583775  145.23666210
112 -38.50646471  145.23739509 -38.50638467  145.23789512
112 -38.50564210  145.23817352 -38.50493510  145.23820193
111 -38.50457048  145.23816215
112 -38.50360558  145.23777577 -38.50298307  145.23739508
112 -38.50191145  145.23733259 -38.50132006  145.23761667
111 -38.50111552  145.23774737
111 -38.50067086  145.23797463
112 -38.49938137  145.23788941 -38.49878998  145.23736671
112 -38.49886557  145.23620199 -38.49893671  145.23574747
111 -38.49904788  145.23516795
112 -38.49900341  145.23470209 -38.49883000  145.23458846
112 -38.49856320  145.23483276 -38.49835421  145.23496344
112 -38.49762498  145.23491230 -38.49717143  145.23454869
112 -38.49717588  145.23311129 -38.49718922  145.23260565
111 -38.49720701  145.23256020
112 -38.49750937  145.23138983 -38.49773170  145.23105462
112 -38.49861211  145.23060011 -38.49921684  145.23057738
112 -38.49987493  145.23085005 -38.50022621  145.23099777
111 -38.50103103  145.23134433
111 -38.50209376  145.23181020
113 -38.50304087  145.23223633
112 -38.49961092  145.23088365 -38.49959313  145.23087797
112 -38.49925964  145.23075298 -38.49915737  145.23073025
112 -38.49869493  145.23069050 -38.49838812  145.23069050
112 -38.49760553  145.23141205 -38.49724536  145.23198019
111 -38.49727649  145.23289490
112 -38.49726759  145.23325852 -38.49726872  145.23342924
112 -38.49757885  145.23470728 -38.49789900  145.23522429
112 -38.49849039  145.23474704 -38.49857488  145.23469022
112 -38.49901953  145.23458227 -38.49925964  145.23471863
111 -38.49916182  145.23506520
112 -38.49893060  145.23638901 -38.49885056  145.23699125
112 -38.49940638  145.23777531 -38.49962871  145.23799689
112 -38.50021565  145.23799690 -38.50063807  145.23794576
111 -38.50119834  145.23756509
112 -38.50190978  145.23720145 -38.50246115  145.23696281
111 -38.50300363  145.23729804
111 -38.50351943  145.23757648
112 -38.50402634  145.23786059 -38.50446655  145.23811627
111 -38.50488897  145.23807651
112 -38.50564488  145.23805949 -38.50620515  145.23804244
112 -38.50637856  145.23746287 -38.50644526  145.23703104
111 -38.50594725  145.23681512
112 -38.50555150  145.23666739 -38.50541366  145.23661056
111 -38.50526248  145.23650828
112 -38.50464441  145.23600258 -38.50454214  145.23590599
112 -38.50448878  145.23547416 -38.50456437  145.23512188
111 -38.50496011  145.23525256
111 -38.50547147  145.23540029
112 -38.50612511  145.23557075 -38.50659644  145.23571849
112 -38.50741461  145.23565599 -38.50806380  145.23558780
111 -38.50881082  145.23462182
111 -38.50932217  145.23405359
112 -38.50993135  145.23334898 -38.50996248  145.23332625
112 -38.51034488  145.23129765 -38.50961120  145.23058168
112 -38.50898868  145.23175225 -38.50890864  145.23189999
112 -38.50841063  145.23300235 -38.50809048  145.23359899
112 -38.50728121  145.23393423 -38.50688991  145.23404219
111 -38.50627629  145.23376945
111 -38.50531139  145.23334330
111 -38.50382180  145.23269556
111 -38.50328377  145.23245125
111 -38.50212767  145.23191149
111 -38.50117610  145.23152513
113 -38.49969749  145.23093209
99
